name: gnr

tuned:
    cifar100_10:
      drop1: 0.32105530284219613
      drop2: 0.4657005075999716
      r: 0.029838373711533493
      alpha: 0.8269408367001678
    tinyimagenet_10: # Got Best
      drop1: 0.12493294838321953
      drop2: 0.4344091928004977
      r: 0.03788361925525148
      alpha: 0.7138507892153196
    tinyimagenet_20: # 29.Jan
      drop1: 0.4659283804783762
      drop2: 0.4914210580839663
      r:
        low: 0.01
        high: 0.1
      alpha:
        low: 0.7
        high: 0.9