name: gnr

tuned:
    cifar100_10:
      drop1: 0.32105530284219613
      drop2: 0.4657005075999716
      r: 0.029838373711533493
      alpha: 0.8269408367001678
    cifar100_20:
      drop1: 0.15870235632684523
      drop2: 0.13693543790751914
      r: 0.010021731215295529
      alpha: 0.7453498858947759
    tinyimagenet_10: # Got Best
      drop1: 0.12493294838321953
      drop2: 0.4344091928004977
      r: 0.03788361925525148
      alpha: 0.7138507892153196
    tinyimagenet_20: # 30.Jan
      drop1: 0.4659283804783762
      drop2: 0.4914210580839663
      r: 0.012464883387813356
      alpha: 0.8340935020356804
    femnist_10:  # 4.Feb
      drop1: 0.4921793208978701
      drop2: 0.4847418191146906
      r:
        low: 0.01
        high: 0.1
      alpha:
        low: 0.7
        high: 0.85